1.0187891203703705 -0.3768912615740741
1.0032994791666667 -0.32632332175925927
1.3305298032407409 -0.016717946244855952
1.2770532407407407 -0.043485133744855964
1.8348231224279836 0.02294067001028799
1.6200038580246914 0.045483603395061745
1.744916872427984 0.2109588991769547
1.5751163580246914 0.13935547839506174
1.7899356224279837 0.11681254501028804
1.7899356224279837 0.11681254501028804
1.7899356224279837 0.11681254501028804
1.43292533436214 0.010013162294238653
1.0032994791666667 -0.32632332175925927
1.1133038194444445 -0.2712616898148148
1.1133038194444445 -0.2712616898148148
1.2233081597222222 -0.21620005787037042
